{
 "cells": [
  {
   "cell_type": "code",
   "execution_count": 1,
   "metadata": {},
   "outputs": [],
   "source": [
    "import pandas as pd\n",
    "import matplotlib.pyplot as plt\n",
    "import os\n",
    "from dotenv import load_dotenv"
   ]
  },
  {
   "cell_type": "code",
   "execution_count": 2,
   "metadata": {},
   "outputs": [
    {
     "data": {
      "text/html": [
       "<div>\n",
       "<style scoped>\n",
       "    .dataframe tbody tr th:only-of-type {\n",
       "        vertical-align: middle;\n",
       "    }\n",
       "\n",
       "    .dataframe tbody tr th {\n",
       "        vertical-align: top;\n",
       "    }\n",
       "\n",
       "    .dataframe thead th {\n",
       "        text-align: right;\n",
       "    }\n",
       "</style>\n",
       "<table border=\"1\" class=\"dataframe\">\n",
       "  <thead>\n",
       "    <tr style=\"text-align: right;\">\n",
       "      <th></th>\n",
       "      <th>득점</th>\n",
       "      <th>도움</th>\n",
       "      <th>출장</th>\n",
       "      <th>경기당 기록</th>\n",
       "      <th>골 전환율</th>\n",
       "      <th>target</th>\n",
       "    </tr>\n",
       "  </thead>\n",
       "  <tbody>\n",
       "    <tr>\n",
       "      <th>0</th>\n",
       "      <td>26</td>\n",
       "      <td>5</td>\n",
       "      <td>31</td>\n",
       "      <td>0.84</td>\n",
       "      <td>0.2</td>\n",
       "      <td>4</td>\n",
       "    </tr>\n",
       "    <tr>\n",
       "      <th>1</th>\n",
       "      <td>24</td>\n",
       "      <td>4</td>\n",
       "      <td>36</td>\n",
       "      <td>0.67</td>\n",
       "      <td>0.2</td>\n",
       "      <td>4</td>\n",
       "    </tr>\n",
       "    <tr>\n",
       "      <th>2</th>\n",
       "      <td>22</td>\n",
       "      <td>1</td>\n",
       "      <td>32</td>\n",
       "      <td>0.69</td>\n",
       "      <td>0.2</td>\n",
       "      <td>4</td>\n",
       "    </tr>\n",
       "    <tr>\n",
       "      <th>3</th>\n",
       "      <td>19</td>\n",
       "      <td>4</td>\n",
       "      <td>35</td>\n",
       "      <td>0.54</td>\n",
       "      <td>0.1</td>\n",
       "      <td>4</td>\n",
       "    </tr>\n",
       "    <tr>\n",
       "      <th>4</th>\n",
       "      <td>14</td>\n",
       "      <td>6</td>\n",
       "      <td>37</td>\n",
       "      <td>0.38</td>\n",
       "      <td>0.2</td>\n",
       "      <td>2</td>\n",
       "    </tr>\n",
       "    <tr>\n",
       "      <th>...</th>\n",
       "      <td>...</td>\n",
       "      <td>...</td>\n",
       "      <td>...</td>\n",
       "      <td>...</td>\n",
       "      <td>...</td>\n",
       "      <td>...</td>\n",
       "    </tr>\n",
       "    <tr>\n",
       "      <th>175</th>\n",
       "      <td>6</td>\n",
       "      <td>1</td>\n",
       "      <td>34</td>\n",
       "      <td>0.18</td>\n",
       "      <td>0.1</td>\n",
       "      <td>3</td>\n",
       "    </tr>\n",
       "    <tr>\n",
       "      <th>176</th>\n",
       "      <td>5</td>\n",
       "      <td>0</td>\n",
       "      <td>12</td>\n",
       "      <td>0.42</td>\n",
       "      <td>0.2</td>\n",
       "      <td>0</td>\n",
       "    </tr>\n",
       "    <tr>\n",
       "      <th>177</th>\n",
       "      <td>5</td>\n",
       "      <td>0</td>\n",
       "      <td>24</td>\n",
       "      <td>0.21</td>\n",
       "      <td>0.2</td>\n",
       "      <td>1</td>\n",
       "    </tr>\n",
       "    <tr>\n",
       "      <th>178</th>\n",
       "      <td>5</td>\n",
       "      <td>0</td>\n",
       "      <td>25</td>\n",
       "      <td>0.20</td>\n",
       "      <td>0.4</td>\n",
       "      <td>1</td>\n",
       "    </tr>\n",
       "    <tr>\n",
       "      <th>179</th>\n",
       "      <td>5</td>\n",
       "      <td>0</td>\n",
       "      <td>26</td>\n",
       "      <td>0.19</td>\n",
       "      <td>0.3</td>\n",
       "      <td>1</td>\n",
       "    </tr>\n",
       "  </tbody>\n",
       "</table>\n",
       "<p>180 rows × 6 columns</p>\n",
       "</div>"
      ],
      "text/plain": [
       "     득점  도움  출장  경기당 기록  골 전환율  target\n",
       "0    26   5  31    0.84    0.2       4\n",
       "1    24   4  36    0.67    0.2       4\n",
       "2    22   1  32    0.69    0.2       4\n",
       "3    19   4  35    0.54    0.1       4\n",
       "4    14   6  37    0.38    0.2       2\n",
       "..   ..  ..  ..     ...    ...     ...\n",
       "175   6   1  34    0.18    0.1       3\n",
       "176   5   0  12    0.42    0.2       0\n",
       "177   5   0  24    0.21    0.2       1\n",
       "178   5   0  25    0.20    0.4       1\n",
       "179   5   0  26    0.19    0.3       1\n",
       "\n",
       "[180 rows x 6 columns]"
      ]
     },
     "execution_count": 2,
     "metadata": {},
     "output_type": "execute_result"
    }
   ],
   "source": [
    "load_dotenv(verbose = True)\n",
    "p = os.getenv('url')\n",
    "t = pd.read_csv(os.path.join(p, 'tier.csv'))\n",
    "t"
   ]
  },
  {
   "cell_type": "code",
   "execution_count": 3,
   "metadata": {},
   "outputs": [
    {
     "data": {
      "text/html": [
       "<div>\n",
       "<style scoped>\n",
       "    .dataframe tbody tr th:only-of-type {\n",
       "        vertical-align: middle;\n",
       "    }\n",
       "\n",
       "    .dataframe tbody tr th {\n",
       "        vertical-align: top;\n",
       "    }\n",
       "\n",
       "    .dataframe thead th {\n",
       "        text-align: right;\n",
       "    }\n",
       "</style>\n",
       "<table border=\"1\" class=\"dataframe\">\n",
       "  <thead>\n",
       "    <tr style=\"text-align: right;\">\n",
       "      <th></th>\n",
       "      <th>득점</th>\n",
       "      <th>도움</th>\n",
       "      <th>출장</th>\n",
       "      <th>경기당 기록</th>\n",
       "      <th>골 전환율</th>\n",
       "      <th>target</th>\n",
       "    </tr>\n",
       "  </thead>\n",
       "  <tbody>\n",
       "    <tr>\n",
       "      <th>득점</th>\n",
       "      <td>1.000000</td>\n",
       "      <td>0.347198</td>\n",
       "      <td>0.488704</td>\n",
       "      <td>0.728444</td>\n",
       "      <td>0.143576</td>\n",
       "      <td>0.449027</td>\n",
       "    </tr>\n",
       "    <tr>\n",
       "      <th>도움</th>\n",
       "      <td>0.347198</td>\n",
       "      <td>1.000000</td>\n",
       "      <td>0.369887</td>\n",
       "      <td>0.104137</td>\n",
       "      <td>-0.083857</td>\n",
       "      <td>0.250249</td>\n",
       "    </tr>\n",
       "    <tr>\n",
       "      <th>출장</th>\n",
       "      <td>0.488704</td>\n",
       "      <td>0.369887</td>\n",
       "      <td>1.000000</td>\n",
       "      <td>-0.158071</td>\n",
       "      <td>-0.183169</td>\n",
       "      <td>0.755063</td>\n",
       "    </tr>\n",
       "    <tr>\n",
       "      <th>경기당 기록</th>\n",
       "      <td>0.728444</td>\n",
       "      <td>0.104137</td>\n",
       "      <td>-0.158071</td>\n",
       "      <td>1.000000</td>\n",
       "      <td>0.300583</td>\n",
       "      <td>-0.126499</td>\n",
       "    </tr>\n",
       "    <tr>\n",
       "      <th>골 전환율</th>\n",
       "      <td>0.143576</td>\n",
       "      <td>-0.083857</td>\n",
       "      <td>-0.183169</td>\n",
       "      <td>0.300583</td>\n",
       "      <td>1.000000</td>\n",
       "      <td>-0.206809</td>\n",
       "    </tr>\n",
       "    <tr>\n",
       "      <th>target</th>\n",
       "      <td>0.449027</td>\n",
       "      <td>0.250249</td>\n",
       "      <td>0.755063</td>\n",
       "      <td>-0.126499</td>\n",
       "      <td>-0.206809</td>\n",
       "      <td>1.000000</td>\n",
       "    </tr>\n",
       "  </tbody>\n",
       "</table>\n",
       "</div>"
      ],
      "text/plain": [
       "              득점        도움        출장    경기당 기록     골 전환율    target\n",
       "득점      1.000000  0.347198  0.488704  0.728444  0.143576  0.449027\n",
       "도움      0.347198  1.000000  0.369887  0.104137 -0.083857  0.250249\n",
       "출장      0.488704  0.369887  1.000000 -0.158071 -0.183169  0.755063\n",
       "경기당 기록  0.728444  0.104137 -0.158071  1.000000  0.300583 -0.126499\n",
       "골 전환율   0.143576 -0.083857 -0.183169  0.300583  1.000000 -0.206809\n",
       "target  0.449027  0.250249  0.755063 -0.126499 -0.206809  1.000000"
      ]
     },
     "execution_count": 3,
     "metadata": {},
     "output_type": "execute_result"
    }
   ],
   "source": [
    "t.corr(method = 'spearman')"
   ]
  },
  {
   "cell_type": "code",
   "execution_count": 4,
   "metadata": {},
   "outputs": [
    {
     "data": {
      "text/html": [
       "<div>\n",
       "<style scoped>\n",
       "    .dataframe tbody tr th:only-of-type {\n",
       "        vertical-align: middle;\n",
       "    }\n",
       "\n",
       "    .dataframe tbody tr th {\n",
       "        vertical-align: top;\n",
       "    }\n",
       "\n",
       "    .dataframe thead th {\n",
       "        text-align: right;\n",
       "    }\n",
       "</style>\n",
       "<table border=\"1\" class=\"dataframe\">\n",
       "  <thead>\n",
       "    <tr style=\"text-align: right;\">\n",
       "      <th></th>\n",
       "      <th>득점</th>\n",
       "      <th>도움</th>\n",
       "      <th>출장</th>\n",
       "      <th>경기당 기록</th>\n",
       "      <th>골 전환율</th>\n",
       "      <th>target</th>\n",
       "    </tr>\n",
       "  </thead>\n",
       "  <tbody>\n",
       "    <tr>\n",
       "      <th>득점</th>\n",
       "      <td>1.000000</td>\n",
       "      <td>0.262533</td>\n",
       "      <td>0.399252</td>\n",
       "      <td>0.789605</td>\n",
       "      <td>0.180581</td>\n",
       "      <td>0.484524</td>\n",
       "    </tr>\n",
       "    <tr>\n",
       "      <th>도움</th>\n",
       "      <td>0.262533</td>\n",
       "      <td>1.000000</td>\n",
       "      <td>0.348120</td>\n",
       "      <td>0.056554</td>\n",
       "      <td>-0.060409</td>\n",
       "      <td>0.192226</td>\n",
       "    </tr>\n",
       "    <tr>\n",
       "      <th>출장</th>\n",
       "      <td>0.399252</td>\n",
       "      <td>0.348120</td>\n",
       "      <td>1.000000</td>\n",
       "      <td>-0.199526</td>\n",
       "      <td>-0.200393</td>\n",
       "      <td>0.807266</td>\n",
       "    </tr>\n",
       "    <tr>\n",
       "      <th>경기당 기록</th>\n",
       "      <td>0.789605</td>\n",
       "      <td>0.056554</td>\n",
       "      <td>-0.199526</td>\n",
       "      <td>1.000000</td>\n",
       "      <td>0.314515</td>\n",
       "      <td>0.029916</td>\n",
       "    </tr>\n",
       "    <tr>\n",
       "      <th>골 전환율</th>\n",
       "      <td>0.180581</td>\n",
       "      <td>-0.060409</td>\n",
       "      <td>-0.200393</td>\n",
       "      <td>0.314515</td>\n",
       "      <td>1.000000</td>\n",
       "      <td>-0.212185</td>\n",
       "    </tr>\n",
       "    <tr>\n",
       "      <th>target</th>\n",
       "      <td>0.484524</td>\n",
       "      <td>0.192226</td>\n",
       "      <td>0.807266</td>\n",
       "      <td>0.029916</td>\n",
       "      <td>-0.212185</td>\n",
       "      <td>1.000000</td>\n",
       "    </tr>\n",
       "  </tbody>\n",
       "</table>\n",
       "</div>"
      ],
      "text/plain": [
       "              득점        도움        출장    경기당 기록     골 전환율    target\n",
       "득점      1.000000  0.262533  0.399252  0.789605  0.180581  0.484524\n",
       "도움      0.262533  1.000000  0.348120  0.056554 -0.060409  0.192226\n",
       "출장      0.399252  0.348120  1.000000 -0.199526 -0.200393  0.807266\n",
       "경기당 기록  0.789605  0.056554 -0.199526  1.000000  0.314515  0.029916\n",
       "골 전환율   0.180581 -0.060409 -0.200393  0.314515  1.000000 -0.212185\n",
       "target  0.484524  0.192226  0.807266  0.029916 -0.212185  1.000000"
      ]
     },
     "execution_count": 4,
     "metadata": {},
     "output_type": "execute_result"
    }
   ],
   "source": [
    "t.corr(method = 'pearson')"
   ]
  },
  {
   "cell_type": "code",
   "execution_count": 9,
   "metadata": {},
   "outputs": [
    {
     "data": {
      "text/html": [
       "<div>\n",
       "<style scoped>\n",
       "    .dataframe tbody tr th:only-of-type {\n",
       "        vertical-align: middle;\n",
       "    }\n",
       "\n",
       "    .dataframe tbody tr th {\n",
       "        vertical-align: top;\n",
       "    }\n",
       "\n",
       "    .dataframe thead th {\n",
       "        text-align: right;\n",
       "    }\n",
       "</style>\n",
       "<table border=\"1\" class=\"dataframe\">\n",
       "  <thead>\n",
       "    <tr style=\"text-align: right;\">\n",
       "      <th></th>\n",
       "      <th>득점</th>\n",
       "      <th>도움</th>\n",
       "      <th>출장</th>\n",
       "      <th>경기당 기록</th>\n",
       "      <th>골 전환율</th>\n",
       "      <th>target</th>\n",
       "      <th>name</th>\n",
       "    </tr>\n",
       "  </thead>\n",
       "  <tbody>\n",
       "    <tr>\n",
       "      <th>0</th>\n",
       "      <td>26</td>\n",
       "      <td>5</td>\n",
       "      <td>31</td>\n",
       "      <td>0.84</td>\n",
       "      <td>0.2</td>\n",
       "      <td>4</td>\n",
       "      <td>0</td>\n",
       "    </tr>\n",
       "    <tr>\n",
       "      <th>1</th>\n",
       "      <td>24</td>\n",
       "      <td>4</td>\n",
       "      <td>36</td>\n",
       "      <td>0.67</td>\n",
       "      <td>0.2</td>\n",
       "      <td>4</td>\n",
       "      <td>1</td>\n",
       "    </tr>\n",
       "    <tr>\n",
       "      <th>2</th>\n",
       "      <td>22</td>\n",
       "      <td>1</td>\n",
       "      <td>32</td>\n",
       "      <td>0.69</td>\n",
       "      <td>0.2</td>\n",
       "      <td>4</td>\n",
       "      <td>2</td>\n",
       "    </tr>\n",
       "    <tr>\n",
       "      <th>3</th>\n",
       "      <td>19</td>\n",
       "      <td>4</td>\n",
       "      <td>35</td>\n",
       "      <td>0.54</td>\n",
       "      <td>0.1</td>\n",
       "      <td>4</td>\n",
       "      <td>3</td>\n",
       "    </tr>\n",
       "    <tr>\n",
       "      <th>4</th>\n",
       "      <td>14</td>\n",
       "      <td>6</td>\n",
       "      <td>37</td>\n",
       "      <td>0.38</td>\n",
       "      <td>0.2</td>\n",
       "      <td>2</td>\n",
       "      <td>4</td>\n",
       "    </tr>\n",
       "    <tr>\n",
       "      <th>5</th>\n",
       "      <td>13</td>\n",
       "      <td>6</td>\n",
       "      <td>31</td>\n",
       "      <td>0.42</td>\n",
       "      <td>0.1</td>\n",
       "      <td>2</td>\n",
       "      <td>5</td>\n",
       "    </tr>\n",
       "    <tr>\n",
       "      <th>6</th>\n",
       "      <td>13</td>\n",
       "      <td>3</td>\n",
       "      <td>33</td>\n",
       "      <td>0.39</td>\n",
       "      <td>0.1</td>\n",
       "      <td>2</td>\n",
       "      <td>6</td>\n",
       "    </tr>\n",
       "    <tr>\n",
       "      <th>7</th>\n",
       "      <td>13</td>\n",
       "      <td>4</td>\n",
       "      <td>35</td>\n",
       "      <td>0.37</td>\n",
       "      <td>0.1</td>\n",
       "      <td>2</td>\n",
       "      <td>7</td>\n",
       "    </tr>\n",
       "    <tr>\n",
       "      <th>8</th>\n",
       "      <td>11</td>\n",
       "      <td>3</td>\n",
       "      <td>33</td>\n",
       "      <td>0.33</td>\n",
       "      <td>0.2</td>\n",
       "      <td>3</td>\n",
       "      <td>8</td>\n",
       "    </tr>\n",
       "    <tr>\n",
       "      <th>9</th>\n",
       "      <td>9</td>\n",
       "      <td>2</td>\n",
       "      <td>23</td>\n",
       "      <td>0.39</td>\n",
       "      <td>0.2</td>\n",
       "      <td>1</td>\n",
       "      <td>9</td>\n",
       "    </tr>\n",
       "  </tbody>\n",
       "</table>\n",
       "</div>"
      ],
      "text/plain": [
       "   득점  도움  출장  경기당 기록  골 전환율  target  name\n",
       "0  26   5  31    0.84    0.2       4     0\n",
       "1  24   4  36    0.67    0.2       4     1\n",
       "2  22   1  32    0.69    0.2       4     2\n",
       "3  19   4  35    0.54    0.1       4     3\n",
       "4  14   6  37    0.38    0.2       2     4\n",
       "5  13   6  31    0.42    0.1       2     5\n",
       "6  13   3  33    0.39    0.1       2     6\n",
       "7  13   4  35    0.37    0.1       2     7\n",
       "8  11   3  33    0.33    0.2       3     8\n",
       "9   9   2  23    0.39    0.2       1     9"
      ]
     },
     "execution_count": 9,
     "metadata": {},
     "output_type": "execute_result"
    }
   ],
   "source": [
    "n_list = []\n",
    "for i in range(0, len(t)):\n",
    "    n_list.append(i)\n",
    "t['name'] = n_list\n",
    "\n",
    "t.head(10)"
   ]
  },
  {
   "cell_type": "code",
   "execution_count": 10,
   "metadata": {},
   "outputs": [],
   "source": [
    "t.to_csv('tier_with_n.csv')"
   ]
  },
  {
   "cell_type": "code",
   "execution_count": 5,
   "metadata": {},
   "outputs": [],
   "source": [
    "c_t = t.groupby('target')"
   ]
  },
  {
   "cell_type": "code",
   "execution_count": 8,
   "metadata": {},
   "outputs": [],
   "source": [
    "c_t_m = c_t.mean()"
   ]
  },
  {
   "cell_type": "code",
   "execution_count": 9,
   "metadata": {},
   "outputs": [
    {
     "data": {
      "text/html": [
       "<div>\n",
       "<style scoped>\n",
       "    .dataframe tbody tr th:only-of-type {\n",
       "        vertical-align: middle;\n",
       "    }\n",
       "\n",
       "    .dataframe tbody tr th {\n",
       "        vertical-align: top;\n",
       "    }\n",
       "\n",
       "    .dataframe thead th {\n",
       "        text-align: right;\n",
       "    }\n",
       "</style>\n",
       "<table border=\"1\" class=\"dataframe\">\n",
       "  <thead>\n",
       "    <tr style=\"text-align: right;\">\n",
       "      <th></th>\n",
       "      <th>득점</th>\n",
       "      <th>도움</th>\n",
       "      <th>출장</th>\n",
       "      <th>경기당 기록</th>\n",
       "      <th>골 전환율</th>\n",
       "    </tr>\n",
       "  </thead>\n",
       "  <tbody>\n",
       "    <tr>\n",
       "      <th>득점</th>\n",
       "      <td>1.000000</td>\n",
       "      <td>0.930795</td>\n",
       "      <td>0.467540</td>\n",
       "      <td>0.844702</td>\n",
       "      <td>0.630334</td>\n",
       "    </tr>\n",
       "    <tr>\n",
       "      <th>도움</th>\n",
       "      <td>0.930795</td>\n",
       "      <td>1.000000</td>\n",
       "      <td>0.743833</td>\n",
       "      <td>0.601852</td>\n",
       "      <td>0.333563</td>\n",
       "    </tr>\n",
       "    <tr>\n",
       "      <th>출장</th>\n",
       "      <td>0.467540</td>\n",
       "      <td>0.743833</td>\n",
       "      <td>1.000000</td>\n",
       "      <td>-0.067348</td>\n",
       "      <td>-0.375023</td>\n",
       "    </tr>\n",
       "    <tr>\n",
       "      <th>경기당 기록</th>\n",
       "      <td>0.844702</td>\n",
       "      <td>0.601852</td>\n",
       "      <td>-0.067348</td>\n",
       "      <td>1.000000</td>\n",
       "      <td>0.941866</td>\n",
       "    </tr>\n",
       "    <tr>\n",
       "      <th>골 전환율</th>\n",
       "      <td>0.630334</td>\n",
       "      <td>0.333563</td>\n",
       "      <td>-0.375023</td>\n",
       "      <td>0.941866</td>\n",
       "      <td>1.000000</td>\n",
       "    </tr>\n",
       "  </tbody>\n",
       "</table>\n",
       "</div>"
      ],
      "text/plain": [
       "              득점        도움        출장    경기당 기록     골 전환율\n",
       "득점      1.000000  0.930795  0.467540  0.844702  0.630334\n",
       "도움      0.930795  1.000000  0.743833  0.601852  0.333563\n",
       "출장      0.467540  0.743833  1.000000 -0.067348 -0.375023\n",
       "경기당 기록  0.844702  0.601852 -0.067348  1.000000  0.941866\n",
       "골 전환율   0.630334  0.333563 -0.375023  0.941866  1.000000"
      ]
     },
     "execution_count": 9,
     "metadata": {},
     "output_type": "execute_result"
    }
   ],
   "source": [
    "c_t_m.corr()"
   ]
  },
  {
   "cell_type": "code",
   "execution_count": null,
   "metadata": {},
   "outputs": [],
   "source": []
  }
 ],
 "metadata": {
  "kernelspec": {
   "display_name": "da",
   "language": "python",
   "name": "python3"
  },
  "language_info": {
   "codemirror_mode": {
    "name": "ipython",
    "version": 3
   },
   "file_extension": ".py",
   "mimetype": "text/x-python",
   "name": "python",
   "nbconvert_exporter": "python",
   "pygments_lexer": "ipython3",
   "version": "3.11.8"
  }
 },
 "nbformat": 4,
 "nbformat_minor": 2
}
